0.016329
-0.075669
0.021026
-0.085751
-0.012675
-0.180455
-0.104608
0.060146
-0.004038
0.064242
-0.094886
-0.017068
-0.043855
-0.031542
-0.012889
-0.018634
-0.060859
-0.039932
-0.105980
0.043328
-0.015430
-0.061833
-0.006376
-0.036324
-0.071054
-0.062547
0.044239
-0.059529
-0.041285
-0.027142
0.019595
-0.097392
-0.073529
0.089832
-0.071625
-0.050904
-0.057706
-0.121626
-0.002643
0.096579
-0.063319
-0.002686
-0.087856
0.023617
-0.075726
-0.052252
-0.014705
-0.035658
0.015286
0.057140
0.040597
-0.031380
0.095671
-0.010480
0.156877
-0.025929
0.059245
0.013664
-0.002351
-0.050945
-0.060632
-0.033231
0.001782
-0.052814
