0.019604
-0.096245
-0.047814
0.030900
-0.057980
-0.021220
-0.073816
-0.089349
-0.053341
-0.043029
0.019480
-0.038670
-0.005348
-0.004731
-0.002055
-0.023070
-0.086441
-0.163607
-0.040765
0.012317
-0.038881
-0.030525
-0.066756
-0.043340
0.014091
-0.003858
-0.071388
-0.089142
-0.030343
-0.013017
-0.017813
0.000094
-0.056833
-0.093758
0.011297
-0.105448
-0.008737
-0.072023
0.019951
-0.051232
-0.055490
0.024714
-0.095150
-0.000190
-0.144165
-0.073460
-0.090172
-0.120048
0.050065
-0.078246
-0.065276
-0.045173
-0.065836
0.000687
0.016660
-0.060780
-0.099156
-0.057690
-0.079642
-0.067944
-0.019120
0.013082
-0.098416
0.014564
